sample	dose_response	delimiting_rate	survivorship	medium_heritability	low_heritability	very_low_heritability	maf_phenotype
AP_AR.10	5.51809772	5	1	3.612526477	2.936760831	4.941927098	1.666959754
AP_AR.11	2.03565425	2.03565425	0	3.630267656	3.893201725	2.83409596	4.389021163
AP_AR.2	3.951803623	3.951803623	1	4.58738025	4.293835227	1.408711802	5.217807823
AP_AR.3	7.735088573	5	1	6.06347793	6.26824048	8.808371431	-1.051721561
AP_AR.4	4.142256092	4.142256092	1	0.170485278	-0.305195302	-2.633478835	-0.577561864
AP_AR.5	6.67564116	5	1	2.635582278	2.212988257	4.543597694	6.012352077
AP_AR.6	2.708172201	2.708172201	0	1.770655116	3.093415293	2.998126479	6.716276887
AP_AR.8	3.326583706	3.326583706	1	2.584247093	4.510000881	3.045659311	8.016213557
AP_AR.9	-0.878417788	0.5	0	0.109643523	2.180864739	3.408327546	-2.046988884
AP_AREN6.1	3.093558324	3.093558324	1	2.688440333	2.028188375	1.368367331	4.692928201
AP_AREN6.11	2.531724216	2.531724216	0	5.137603933	6.64548102	5.965608997	1.077786509
AP_AREN6.12	2.799178497	2.799178497	0	0.874952451	1.767308609	0.573903536	4.258823354
AP_AREN6.14	-0.910317801	0.5	0	2.463222682	1.872200122	1.697444748	3.461640041
AP_AREN6.15	2.28044282	2.28044282	0	-0.746130505	-2.056380053	-3.531736135	2.381545424
AP_AREN6.17	0.278544827	0.5	0	3.235869519	1.679528032	1.700479354	8.625198395
AP_AREN6.18	0.441246715	0.5	0	1.488847077	0.892636111	1.165810466	-0.184720702
AP_AREN6.19	4.340595539	4.340595539	1	3.432229669	3.101709021	3.79286349	4.559279658
AP_AREN6.4	4.433758894	4.433758894	1	1.957615454	0.507208742	-0.67305065	3.003009402
AP_AREN6.5	3.56536123	3.56536123	1	3.721650937	3.781060842	4.594738145	4.279421845
AP_AREN6.6	1.169980547	1.169980547	0	-0.338290596	-0.974778644	-0.264362101	0.448753444
AP_AREN6.7	-0.170296416	0.5	0	2.023122737	1.468762172	2.538272778	1.676802042
AP_AREN6.8	-0.20380616	0.5	0	0.202420531	0.829530705	-1.335712038	2.945294372
AP_AREN6.9	2.532285249	2.532285249	0	1.375925543	0.742901625	2.848798592	-0.535291769
AP_AZR.1	6.353111577	5	1	4.930595223	3.021097035	3.353543696	3.308241792
AP_AZR.10	4.930488921	4.930488921	1	2.26209592	2.008508096	2.877105198	2.657586726
AP_AZR.13	-1.086097539	0.5	0	0.61178667	0.88795512	-0.791696529	-0.012711193
AP_AZR.16	0.319165513	0.5	0	2.735850366	2.646454053	2.461181208	-2.443212949
AP_AZR.2	4.26390881	4.26390881	1	4.931575217	5.031542061	5.14891706	10.24527145
AP_AZR.21	3.599586789	3.599586789	1	3.713367647	2.608798638	2.546690164	0.246817153
AP_AZR.22	7.07979367	5	1	2.389609056	3.056837579	4.712558729	1.286906806
AP_AZR.28	5.33167737	5	1	3.09533998	2.318900872	-0.332806063	2.505788057
AP_AZR.4	0.40156234	0.5	0	1.461805048	0.073031333	-0.356107637	4.617529759
AP_AZR.5	3.281193878	3.281193878	1	3.112177191	1.554855536	-0.258214108	2.972109395
AP_AZR.6	1.903355712	1.903355712	0	1.786325573	2.735290949	4.989622991	3.827780819
AP_AZR.9	3.548111799	3.548111799	1	2.226627141	1.08052802	3.124678621	0.80801362
AP_AZS.10	2.291367084	2.291367084	0	0.001008973	0.911218554	1.266895273	8.595839547
AP_AZS.11	4.24391769	4.24391769	1	1.151753042	0.608057685	-2.659152096	4.093533178
AP_AZS.12	2.038269136	2.038269136	0	0.862399529	1.244678366	2.115360237	1.036619104
AP_AZS.13	1.42476902	1.42476902	0	2.115634989	1.096555897	0.647906301	2.926854155
AP_AZS.15	5.568260749	5	1	5.502370677	6.020749782	3.922256655	-0.769291316
AP_AZS.16	0.995073715	0.995073715	0	2.95118279	3.713988151	5.617867685	3.356904094
AP_AZS.18	1.517563438	1.517563438	0	-0.967701941	-0.24454381	-0.013008888	6.186637576
AP_AZS.19	4.672380086	4.672380086	1	4.670767566	5.755097865	5.107904716	0.416690864
AP_AZS.2	5.856826013	5	1	4.241323384	2.517514418	2.239097039	-0.859878351
AP_AZS.20	5.932228521	5	1	4.606996225	3.81213265	1.682700358	5.063962686
AP_AZS.3	3.301883117	3.301883117	1	0.791644177	-1.301179417	-1.124024919	4.467459163
AP_AZS.5	2.035224974	2.035224974	0	-0.282161469	-1.661168769	-0.436141782	-0.379758065
AP_AZS.6	2.013593645	2.013593645	0	1.132021904	2.424379065	3.002694689	5.076856464
AP_AZS.7	-0.237575973	0.5	0	0.179121642	3.07389432	5.70325863	9.327046727
AP_AZS.9	5.130510481	5	1	5.845264568	6.228972122	8.885261546	-0.288592605
AP_BRR.1	4.370027051	4.370027051	1	2.562540523	0.728344907	-0.270636958	7.986710544
AP_BRR.13	1.528701203	1.528701203	0	2.315546946	3.756020981	3.840993149	6.590030068
AP_BRR.17	0.954266955	0.954266955	0	-0.5253232	1.691715088	0.482693111	6.505962234
AP_BRR.2	1.833800889	1.833800889	0	2.531660219	1.438724001	0.887814958	7.50232418
AP_BRR.20	4.125092976	4.125092976	1	5.272300164	4.452464285	5.159448448	6.423196574
AP_BRR.3	0.071540578	0.5	0	0.963378778	-1.41255906	1.464416214	7.286225328
AP_BRR.4	1.410552798	1.410552798	0	-0.678014406	-0.376712067	-0.652922114	2.894686324
AP_BRR.5	3.66160754	3.66160754	1	4.155163364	1.607343149	2.356016675	6.872550025
AP_BRR.6	0.945279579	0.945279579	0	2.730943953	4.120201186	3.147656498	6.289354902
AP_CA.1	1.500236931	1.500236931	0	2.862090919	2.570664257	3.337420448	2.018945099
AP_CA.10	3.085304553	3.085304553	1	4.503209659	4.134737344	4.598472519	-0.433857424
AP_CA.11	3.057616943	3.057616943	1	1.975483864	-0.497962535	-0.938330507	-1.521873675
AP_CA.12	3.280013475	3.280013475	1	2.960464029	4.226491929	1.558579694	1.382032281
AP_CA.13	3.432455111	3.432455111	1	0.179075494	-0.043806613	-1.350177281	4.802162341
AP_CA.14	4.003086559	4.003086559	1	2.671407068	1.173945779	2.391239026	0.640307287
AP_CA.15	3.630797173	3.630797173	1	0.850256594	0.332297772	1.812759627	0.525461554
AP_CA.16	0.490458254	0.5	0	-2.537994103	-1.867128693	-4.363269135	3.948336744
AP_CA.18	-1.345661672	0.5	0	2.831121876	3.691880956	4.612932032	0.654304665
AP_CA.19	2.185452488	2.185452488	0	4.191309789	5.696494268	7.68173659	5.062993966
AP_CA.20	-0.24456055	0.5	0	0.182558307	0.392070165	1.259124742	2.291118984
AP_CA.3	5.717137087	5	1	6.069866434	6.240633944	3.395820036	-0.791413809
AP_CA.4	2.75081193	2.75081193	0	4.763642867	6.854762947	6.128801769	0.477341166
AP_CA.5	4.695123255	4.695123255	1	3.363989052	4.596821133	5.035978059	-0.02576206
AP_CA.6	5.773272845	5	1	4.57546006	3.437865767	3.361889666	0.478337863
AP_CA.7	2.838090233	2.838090233	0	2.800744928	0.929356722	2.216350744	-1.763497305
AP_CA.9	3.201283128	3.201283128	1	4.471941492	4.686314582	2.68065098	1.868202093
AP_COS.10	5.836626891	5	1	5.063457061	6.355014468	5.841971288	0.62947364
AP_COS.21	2.280961793	2.280961793	0	4.380154321	4.525359179	3.569760142	4.925845281
AP_COS.24	3.538996972	3.538996972	1	3.583992311	5.391555255	6.583881902	4.977739208
AP_COS.27	4.56289429	4.56289429	1	4.453168534	6.671292831	5.149785574	8.555147231
AP_COS.4	5.834264786	5	1	3.377525004	2.642397862	0.65475499	5.4843801
AP_COS.6	4.827629044	4.827629044	1	2.086782488	1.25553182	0.31277385	3.246456821
AP_COS.8	2.106799312	2.106799312	0	1.88134827	3.934777728	4.091480227	3.287574455
AP_DE.13	2.408754284	2.408754284	0	-0.074591673	1.384952324	-0.551811616	11.22382791
AP_DE.15	3.715059731	3.715059731	1	2.654881352	2.365782345	2.94403985	6.464906244
AP_DE.18	1.241828799	1.241828799	0	0.43936119	2.863972662	0.646056827	7.342670497
AP_DE.19	0.700023356	0.700023356	0	1.450984211	0.701406514	1.032713917	6.726386937
AP_DE.20	2.380816928	2.380816928	0	-0.623891368	0.820912853	1.541191313	6.381899928
AP_DE.24	2.059550602	2.059550602	0	2.612607838	1.831919195	0.752013162	3.129797412
AP_DE.26	1.512624834	1.512624834	0	4.334701716	6.240599487	6.608584386	1.518158674
AP_DE.28	2.092507526	2.092507526	0	3.713645033	3.886064787	5.63106394	12.10543106
AP_DE.3	0.692880482	0.692880482	0	0.125404507	-0.190157166	-1.224084839	5.513041133
AP_DE.5	2.098014596	2.098014596	0	3.346741157	4.422699526	5.376720256	5.395917238
AP_DE.6	0.685805971	0.685805971	0	1.928148916	2.248744771	0.558898202	5.640363884
AP_DE.7	1.511632403	1.511632403	0	3.329980267	2.43020055	5.29505581	3.8037511
AP_DE.9	2.705921271	2.705921271	0	0.815182216	1.090527424	1.362629779	6.284343377
AP_GAR.24	1.831655176	1.831655176	0	1.654358928	2.444628495	4.022544653	-0.277699845
AP_GAR.25	1.121880752	1.121880752	0	4.367758606	3.004101275	5.063682403	0.466517233
AP_GAR.29	2.063222313	2.063222313	0	1.018496331	4.077342372	-0.178207196	-1.18002867
AP_GAR.31	1.763970862	1.763970862	0	2.875420094	2.501406622	4.630985054	-1.026986931
AP_GAR.32	4.974256645	4.974256645	1	2.433618778	1.681326521	-0.845387441	3.798799245
AP_GAR.34	2.580165681	2.580165681	0	2.118197046	1.818306142	1.87408043	2.795157502
AP_GAS.14	3.142792536	3.142792536	1	3.772363015	3.224310887	3.617448692	3.414362752
AP_GAS.15	0.632322551	0.632322551	0	1.204821997	2.652812119	1.480927639	2.050661969
AP_GAS.17	0.270455483	0.5	0	1.662716131	2.643240521	3.666447586	0.276495146
AP_GAS.18	2.698784788	2.698784788	0	1.229265306	0.173892909	-0.325739495	3.42812251
AP_GAS.19	2.189240272	2.189240272	0	1.251280007	0.965005829	1.574664487	7.08854467
AP_GAS.20	3.688620514	3.688620514	1	3.822980039	5.372076262	5.115660924	0.269291721
AP_GAS.21	5.790009298	5	1	4.806163137	4.556784319	5.262122635	3.477954251
AP_GAS.25	3.782435887	3.782435887	1	2.212694783	2.399465305	0.544236958	0.523560338
AP_GAS.26	2.887014061	2.887014061	0	5.30308276	3.731815478	2.203991153	-2.720289608
AP_GAS.27	3.592254513	3.592254513	1	4.086123612	2.813503123	2.232967738	0.982964512
AP_GAS.28	1.349380594	1.349380594	0	3.004384169	0.959204859	-0.109088406	3.59033765
AP_GAS.29	3.288325133	3.288325133	1	2.102662157	2.674834845	1.650981859	5.938938914
AP_GAS.7	-0.83180739	0.5	0	1.723545156	2.000708214	-0.201743414	4.387792613
AP_IL.10	2.963143341	2.963143341	0	3.735701094	1.814649966	0.345468332	1.051760229
AP_IL.11	4.030874468	4.030874468	1	4.552863284	3.789010752	4.569678686	-1.487688214
AP_IL.12	4.056289636	4.056289636	1	3.635341075	5.353830959	1.847555226	1.84898532
AP_IL.13	2.139925111	2.139925111	0	0.494752556	-1.250138357	-1.268585222	7.972400341
AP_IL.15	3.832281069	3.832281069	1	5.49797385	4.836822276	5.559042974	3.320616035
AP_IL.18	3.364506457	3.364506457	1	6.851468019	7.874519788	8.174572871	0.289507525
AP_IL.19	3.7817975	3.7817975	1	3.852308982	2.350512769	3.249479445	6.820299587
AP_IL.2	3.165294137	3.165294137	1	3.695903899	2.525220158	3.225969425	1.750936888
AP_IL.20	3.057279609	3.057279609	1	6.197845344	6.502221857	7.045035259	5.223968593
AP_IL.3	1.360224037	1.360224037	0	1.51251714	0.991623936	1.862796303	1.28098715
AP_IL.4	2.02426655	2.02426655	0	2.551176603	3.780945697	4.13630792	-0.196381841
AP_IL.5	3.681047089	3.681047089	1	3.468447343	4.551343808	4.549704377	0.32310187
AP_IL.8	6.428900952	5	1	4.99024682	4.957814017	5.290062943	1.689634585
AP_IL.9	0.798487116	0.798487116	0	-0.796396668	-1.137123143	-4.287381093	6.838542907
AP_KS.11	6.816722831	5	1	-0.509215768	0.559055649	0.932773568	3.322757434
AP_KS.18	3.241115552	3.241115552	1	2.343560744	1.446881054	0.89373801	1.385626314
AP_KS.19	4.981081042	4.981081042	1	4.677840231	4.511420906	3.234412297	0.96520895
AP_KS.26	3.636453241	3.636453241	1	3.417604453	1.093948277	1.096606532	4.475995027
AP_KS.30	4.466083313	4.466083313	1	4.411593722	7.116701322	5.778601537	0.892338357
AP_KS.31	-0.236788838	0.5	0	1.471340051	-0.133347911	1.661974146	5.308003397
AP_KS.33	4.753365256	4.753365256	1	5.417488472	5.224614807	6.75945663	-0.067564693
AP_KS.4	2.662988045	2.662988045	0	-0.757427459	-2.779364491	-0.338637086	7.187940844
AP_KS.5	5.452313312	5	1	2.447057589	0.654879724	-0.209736226	-2.033686299
AP_KS.9	4.885234697	4.885234697	1	6.351777392	6.203754577	5.316851174	-0.353289668
AP_MALI.10	3.570196257	3.570196257	1	1.008486481	-0.50824163	0.580978705	5.219024715
AP_MALI.11	5.159127019	5	1	4.491944657	3.183568954	3.654697996	5.448229139
AP_MALI.12	-0.968599136	0.5	0	0.368587999	-1.041077322	0.142483749	5.235933703
AP_MALI.14	1.903938605	1.903938605	0	3.135477608	3.686003651	2.82606758	3.422685644
AP_MALI.15	1.834458045	1.834458045	0	0.801355312	2.669590805	2.717783967	0.726514402
AP_MALI.16	5.832448622	5	1	2.530408426	2.006867555	0.479551713	-0.634534624
AP_MALI.18	4.820674639	4.820674639	1	2.52989434	3.112007377	3.469652054	2.511151176
AP_MALI.19	3.751608442	3.751608442	1	6.092445536	3.903503592	4.674572591	1.43805898
AP_MALI.2	0.373487618	0.5	0	3.321647086	4.140075728	2.229403612	4.235414182
AP_MALI.20	4.223234552	4.223234552	1	2.297505162	2.988085535	5.009281094	6.20993927
AP_MALI.22	2.932354176	2.932354176	0	3.235513384	1.996649818	2.646669858	5.046506652
AP_MALI.3	4.620321197	4.620321197	1	4.800247952	4.368267428	3.685324337	1.117050837
AP_MALI.7	4.020055112	4.020055112	1	2.577254305	2.696425878	4.079222268	5.4041984
AP_MALI.8	0.17134302	0.5	0	1.829794432	1.957205409	4.128535061	1.66164474
AP_MALI.9	4.242214342	4.242214342	1	5.060026317	3.343836959	5.521911412	5.077369616
AP_MD.1	3.802311921	3.802311921	1	1.804344489	3.382550782	3.151182124	2.796232466
AP_MD.12	6.294113401	5	1	3.32880818	5.042350558	4.013044528	-0.764540237
AP_MD.13	5.117247464	5	1	3.558246292	3.801131288	4.139025322	-0.028696242
AP_MD.17	1.475490262	1.475490262	0	4.194685353	4.898466935	6.418213279	1.884609274
AP_MD.18	1.50145774	1.50145774	0	3.457513114	5.064682888	5.097603242	-1.273019773
AP_MD.20	4.168838201	4.168838201	1	3.846451261	2.742728378	1.780138374	-2.355172526
AP_MD.3	-0.060952399	0.5	0	2.029886692	1.59950712	2.117911833	3.971431469
AP_MD.4	0.026340873	0.5	0	4.050967772	4.524059517	3.935937944	-1.801166707
AP_MD.9	3.924120008	3.924120008	1	2.330986768	2.217096742	1.154151552	1.28528894
AP_MEX.10	1.685947458	1.685947458	0	-0.055654598	2.064031789	3.188269172	3.14887543
AP_MEX.11	3.163863403	3.163863403	1	2.290675194	0.836436085	1.350600743	4.548851018
AP_MEX.13	0.603983012	0.603983012	0	1.887446159	2.900366969	2.99119908	5.51527791
AP_MEX.15	1.558497904	1.558497904	0	0.725651977	-1.046999572	-1.039564353	-0.747323957
AP_MEX.16	-0.152338268	0.5	0	2.952696722	5.405902011	3.390722081	0.611022012
AP_MEX.17	1.097906514	1.097906514	0	0.804220318	1.35814317	2.83798652	5.899248696
AP_MEX.18	1.937649821	1.937649821	0	1.407995566	2.613507282	3.943471271	3.55285382
AP_MEX.19	1.173976543	1.173976543	0	-1.354784498	0.956563966	1.134201771	7.360575909
AP_MEX.20	2.224190904	2.224190904	0	1.080614098	1.115275012	1.894187241	3.823907156
AP_MEX.5	5.80403206	5	1	4.318389666	3.980576423	4.645350718	-1.18643062
AP_MEX.7	4.539538713	4.539538713	1	4.034059698	5.421658913	3.81132604	5.320031137
AP_MEX.8	-1.433737534	0.5	0	1.183716038	2.198840656	3.235407425	0.307992678
AP_MN.16	6.858369495	5	1	4.941460878	2.961905868	4.076838364	4.556922772
AP_MN.18	3.413185598	3.413185598	1	4.838832319	7.374637523	8.319534223	1.289959339
AP_MN.19	3.200402395	3.200402395	1	4.166983393	3.079050143	2.068659561	3.320699338
AP_MN.24	1.521809786	1.521809786	0	2.962879955	2.555938871	2.224777543	-0.02079841
AP_MN.25	5.846192654	5	1	6.229408446	6.846803021	5.884806619	0.09661081
AP_MN.26	5.521197409	5	1	5.133192241	5.919008529	7.380665569	-2.571222363
AP_MN.27	5.260578946	5	1	4.224750028	3.754928202	2.232008462	-1.060063479
AP_MN.28	3.834205856	3.834205856	1	6.128833045	6.901991486	9.619099637	-0.090916662
AP_MN.30	2.326607146	2.326607146	0	4.472346579	3.384317343	4.097477079	-0.452151553
AP_MN.31	4.796052917	4.796052917	1	5.901570132	6.796101412	6.829413501	0.641035431
AP_MN.33	4.086972773	4.086972773	1	3.468325287	2.945979407	3.0998213	0.135744462
AP_MS.1	1.498455154	1.498455154	0	3.213864563	4.067013638	5.983569742	-2.676174968
AP_MS.10	2.464763034	2.464763034	0	3.808347279	7.10070835	8.963287423	6.806561524
AP_MS.11	2.528792572	2.528792572	0	2.49230103	2.576549675	1.854672836	7.111870233
AP_MS.12	0.691645416	0.691645416	0	1.420008058	1.663121763	3.172008382	5.183441562
AP_MS.13	1.56220037	1.56220037	0	-0.133489113	1.274891333	0.77043437	6.036542863
AP_MS.14	2.04308229	2.04308229	0	3.456621097	4.3263476	5.081992766	5.46454771
AP_MS.15	0.647063688	0.647063688	0	4.715424556	2.855454838	1.537617396	3.9510937
AP_MS.16	1.308277061	1.308277061	0	5.622957873	6.403241394	6.366683755	9.093172922
AP_MS.18	4.627010931	4.627010931	1	4.375619344	4.948907838	6.614810999	2.51838755
AP_MS.2	4.431540692	4.431540692	1	2.285996595	0.554475448	0.400097696	5.493332798
AP_MS.4	2.598449184	2.598449184	0	2.776080001	5.510042404	8.454922316	5.064751196
AP_MS.5	2.793493462	2.793493462	0	4.79023725	5.345096057	4.76859623	3.155907281
AP_MS.6	2.050353132	2.050353132	0	-0.424720719	-1.838928282	-2.075543383	7.139661072
AP_MS.7	5.832569104	5	1	4.225169283	3.718375851	0.49979537	3.271403583
AP_MS.8	4.358879644	4.358879644	1	1.99953051	1.695840125	2.068307256	4.780286277
AP_MS.9	2.208860537	2.208860537	0	1.924560507	3.511849934	4.001920148	8.976163738
AP_NES.1	1.573050947	1.573050947	0	0.294893919	2.551568795	4.200845757	6.705338394
AP_NES.11	1.822487653	1.822487653	0	3.383137238	5.57353332	5.56870469	4.854026305
AP_NES.12	2.723594239	2.723594239	0	3.573422968	4.427696337	7.968012597	2.387358462
AP_NES.13	2.645922511	2.645922511	0	3.608706681	4.638474154	4.697735096	-4.846524064
AP_NES.14	3.130425281	3.130425281	1	5.13640423	4.176155228	5.527179519	1.394177604
AP_NES.15	5.148912851	5	1	3.417261568	1.447466721	2.857656597	1.889892742
AP_NES.16	2.050775883	2.050775883	0	2.306390231	1.437496993	0.722215551	4.586561103
AP_NES.18	3.971657121	3.971657121	1	2.870055222	2.335836334	4.191918756	4.320957068
AP_NES.19	5.010180942	5	1	3.282127877	5.921972153	5.803712274	-0.230667218
AP_NES.2	2.643765882	2.643765882	0	1.751479182	0.343610272	-0.037584277	-0.770606235
AP_NES.20	3.598508967	3.598508967	1	6.939398331	6.150925178	5.763596321	-0.423496576
AP_NES.4	3.239619795	3.239619795	1	1.677353591	4.192127566	1.851136029	8.415356576
AP_NES.8	0.499020991	0.5	0	0.883435442	3.427617033	3.217259101	6.58051003
AP_NM2012.1	1.120412212	1.120412212	0	0.996494009	1.541619686	2.364685582	4.257305187
AP_NM2012.11	0.602689182	0.602689182	0	-1.168308442	-0.604674969	0.819503593	5.351935144
AP_NM2012.12	3.698580691	3.698580691	1	1.512000577	3.529482924	2.161540189	6.418829468
AP_NM2012.14	-1.636078336	0.5	0	1.147427076	1.187939874	-0.918015396	8.416299068
AP_NM2012.16	5.694548442	5	1	5.049172186	3.470247893	1.893057517	3.659625931
AP_NM2012.17	2.807851352	2.807851352	0	0.060936096	0.464166279	1.281266978	3.818164522
AP_NM2012.2	4.874714985	4.874714985	1	6.541008857	6.612083219	4.97400506	-0.7380856
AP_NM2012.23	3.792613329	3.792613329	1	3.481501204	4.596879667	4.210990528	7.394670993
AP_NM2012.25	0.563751567	0.563751567	0	3.234827493	5.446149734	7.203682549	2.459799678
AP_NM2012.4	-0.672925297	0.5	0	1.423813408	3.239628692	4.709157511	5.453777029
AP_NM2012.7	3.017921597	3.017921597	1	0.930965916	3.891096075	4.174646091	5.634586435
AP_NM2012.8	4.231390196	4.231390196	1	1.559619206	1.092253131	-1.578205116	4.785849233
AP_NM2013.1	1.268643981	1.268643981	0	4.23307198	4.855975986	6.140102634	3.535839206
AP_NM2013.12	3.864109571	3.864109571	1	6.229999479	6.931269285	8.642390742	-1.607597193
AP_NM2013.14	-0.519742218	0.5	0	-1.098641452	-2.341856786	-1.590395553	5.244529924
AP_NM2013.15	0.920608316	0.920608316	0	1.668220822	2.342184254	4.055239653	6.728003886
AP_NM2013.17	1.992145654	1.992145654	0	2.177244086	3.566600684	5.089508905	4.253477159
AP_NM2013.18	4.619872786	4.619872786	1	3.019391487	5.198502169	5.19808205	0.100392373
AP_NM2013.19	5.84984541	5	1	7.710864395	6.963992314	6.968249761	0.136930843
AP_NM2013.2	0.158968055	0.5	0	2.611566445	4.614711254	3.881521411	1.643563314
AP_NM2013.20	3.353460702	3.353460702	1	5.071631492	5.053877381	6.004986308	3.268768132
AP_NM2013.22	0.779463807	0.779463807	0	5.085401221	5.405240433	5.793612161	3.192724492
AP_NM2013.25	5.422629801	5	1	4.707627658	3.303827485	4.752481083	0.961092215
AP_NM2013.3	1.546181191	1.546181191	0	1.467869474	3.396368704	4.754267017	-2.292339588
AP_NM2013.4	1.97886687	1.97886687	0	-1.490615083	-0.80737059	-5.409971692	6.596682129
AP_NM2013.5	0.518268069	0.518268069	0	0.66301972	1.181284056	0.367942098	5.616279708
AP_NM2013.8	4.288886191	4.288886191	1	3.650354411	3.54352935	2.212388419	4.737581709
AP_SEN.10	1.939995197	1.939995197	0	-0.789773029	0.70982785	-1.038276382	1.577541425
AP_SEN.12	-0.387071292	0.5	0	2.560455912	1.285762659	1.053992104	5.641277814
AP_SEN.13	1.994189199	1.994189199	0	2.18773126	2.889792947	2.01881058	-0.180049129
AP_SEN.14	2.271917944	2.271917944	0	1.349347461	1.693234206	1.69887683	-0.349619542
AP_SEN.15	2.13944249	2.13944249	0	2.170534208	0.801863468	2.856006403	0.043482731
AP_SEN.20	1.149589806	1.149589806	0	2.617744645	1.350135802	-0.065581564	2.960084539
AP_SEN.21	0.188403696	0.5	0	0.661066632	-1.813102432	-1.568724726	4.488042936
AP_SEN.24	2.535330346	2.535330346	0	2.547418138	3.248001018	4.738752772	5.265481669
AP_SEN.28	5.01096619	5	1	5.760930529	5.952705975	6.397020888	3.951374732
AP_SEN.5	0.982970454	0.982970454	0	-2.30490095	-2.468583584	-1.565631287	5.029048044
AP_SEN.8	4.172036316	4.172036316	1	1.912646165	2.818959227	2.940733763	-1.160425941
AP_SEN.9	6.013832791	5	1	3.626828964	2.888700379	5.307221279	2.070232054
AP_TNR.13	-1.119538352	0.5	0	3.053383466	2.652061937	3.52274397	2.402075611
AP_TNR.14	5.148219787	5	1	5.187891586	5.650949593	6.07105	-4.427921268
AP_TNR.15	1.417070078	1.417070078	0	0.990962351	-0.333173225	-0.704988864	3.419019645
AP_TNR.16	3.324500903	3.324500903	1	4.561838254	4.382877304	4.989611957	4.057378692
AP_TNR.18	2.605497024	2.605497024	0	3.400202726	3.888038096	3.490458766	3.359331161
AP_TNR.19	0.348953545	0.5	0	0.419936024	-0.577794085	-0.643025128	8.074952132
AP_TNR.20	1.593835754	1.593835754	0	0.424302184	-1.52119594	-1.672996995	2.657086128
AP_TNR.23	3.542109565	3.542109565	1	3.927892961	3.741538377	3.084664594	4.417231618
AP_TNR.27	3.02065336	3.02065336	1	1.093796896	1.006956626	-0.569242272	-1.294395322
AP_TNR.28	4.52776457	4.52776457	1	2.574001161	0.82886651	0.852681239	7.451326738
AP_TNR.29	1.680671969	1.680671969	0	2.237630418	1.287772464	1.272862817	4.241779037
AP_TX.15	3.585293543	3.585293543	1	6.078719193	6.336226543	5.195756181	-1.865329988
AP_TX.23	1.589693159	1.589693159	0	4.066663332	5.031846628	4.324517564	4.443668793
AP_TX.25	4.383498113	4.383498113	1	2.473788126	0.376915925	0.772571041	3.30152496
AP_TX.26	3.831687446	3.831687446	1	5.760656389	5.322163043	5.018557901	3.359385838
AP_TX.28	3.113140646	3.113140646	1	4.711977731	5.364845622	2.921920038	9.180990747
AP_TX.30	4.134480305	4.134480305	1	1.482022727	1.414380892	0.970902345	4.119919217
AP_TX.31	1.103948798	1.103948798	0	-0.791433519	-1.697795253	-3.685118447	1.324884256
AP_TX.32	6.201122121	5	1	2.788525636	1.13052619	-0.778997384	5.443481682
AP_TX.6	3.17439338	3.17439338	1	0.23131893	1.400871426	2.69404878	-0.01076772
AP_TX.8	4.356936387	4.356936387	1	1.055368601	-0.126210637	1.433956193	5.303638226
AP_TX.9	2.963891112	2.963891112	0	5.65335168	5.870285262	4.551687266	0.822876313
AP_WI2015.10	5.760387813	5	1	4.155994009	2.363593866	1.920709369	7.480810476
AP_WI2015.12	5.356377814	5	1	4.002969146	4.290290714	4.018607491	5.917459267
AP_WI2015.15	2.270766526	2.270766526	0	1.805025044	-0.227152512	-0.021373509	7.204272136
AP_WI2015.16	0.442744078	0.5	0	2.181070786	2.022057732	3.757596293	0.45946914
AP_WI2015.20	3.112208935	3.112208935	1	2.729846118	3.390832852	2.732814154	4.410380295
AP_WI2015.22	-1.759970959	0.5	0	-0.376222417	-1.32353783	-0.578899246	1.639185189
AP_WI2015.23	-0.264242342	0.5	0	2.435107134	4.642037603	6.134746052	5.324732733
AP_WI2015.25	2.455403952	2.455403952	0	1.9621251	2.08397113	0.805151925	2.242524863
AP_WI2015.27	2.256820922	2.256820922	0	3.649875451	5.603668072	4.875424528	3.000235755
AP_WI2015.29	3.583642608	3.583642608	1	2.348624833	2.387281676	3.943910261	0.375013386
AP_WI2015.4	0.111309078	0.5	0	1.595243107	3.818932991	3.808396067	1.650735227
AP_WI2015.5	2.464108239	2.464108239	0	4.53404423	5.682448264	3.395925	3.492788122
AP_WI2015.6	3.635771644	3.635771644	1	3.644568922	2.363962319	1.404928448	-0.34846729
AP_WI2015.8	2.736131924	2.736131924	0	0.825339603	2.028004026	2.753015883	4.046176649